[app/ui]
version = 9.1.0.2
modtime = 1692491681.864413300

[app/launcher]
version = 9.1.0.2
modtime = 1692491681.868760500
